cameraMatrixL:[353.4537369804319, 0, 321.7572535288105;
 0, 353.4216333000974, 164.6972486293641;
 0, 0, 1]
cameraMatrixR:[352.1627473978776, 0, 334.6246716817903;
 0, 352.2676548335718, 178.133932139502;
 0, 0, 1]
distCoeffL:[-0.1653689326740662;
 0.006195174498547848;
 -0.0005276480728786943;
 -0.0009391826129952007;
 0.01418335605702089]
distCoeffR:[-0.1635356724245097;
 -0.002739941595997832;
 -0.0003250806376337118;
 -0.0007842553764585221;
 0.02136502903643912]
 Rl:[0.9999257098423656, -0.002505280897300299, 0.01192888778833569;
 0.002433293483076353, 0.9999787658406836, 0.006045407394740253;
 -0.01194377993209436, -0.006015931795556229, 0.9999105733442191]
Pl:[289.6885098557599, 0, 322.6398582458496, 0;
 0, 289.6885098557599, 170.6662673950195, 0;
 0, 0, 1, 0]
 Rr:[0.9999257098423656, -0.002505280897300299, 0.01192888778833569;
 0.002433293483076353, 0.9999787658406836, 0.006045407394740253;
 -0.01194377993209436, -0.006015931795556229, 0.9999105733442191]
Pr:[289.6885098557599, 0, 322.6398582458496, -36263.2985561507;
 0, 289.6885098557599, 170.6662673950195, 0;
 0, 0, 1, 0]
